510210 218 796 0.273869 153744 
510210 218 796 0.273869 153744 
510210 218 796 0.273869 153744 
510210 218 796 0.273869 153744 
510210 218 796 0.273869 153744 
265966 363 731 0.496580 297643 
362490 195 713 0.273492 134471 
1045972 64 685 0.093431 33885 
130348 607 691 0.878437 538141 
141046 538 582 0.924399 303677 
396955 0 554 0.000000 158998 
61319 417 557 0.748654 390331 
185983 480 562 0.854093 486751 
465157 485 541 0.896488 613275 
455404 496 529 0.937618 229860 
175477 157 503 0.312127 95963 
293369 322 521 0.618042 869347 
1259707 376 490 0.767347 181699 
853188 362 583 0.620926 5502967 
129775 383 487 0.786448 222600 
791007 447 490 0.912245 154934 
674539 336 495 0.678788 257146 
1169337 305 469 0.650320 118385 
406745 460 510 0.901961 865399 
916514 118 486 0.242798 432461 
633133 228 516 0.441860 192856 
67680 0 481 0.000000 1443 
437920 384 455 0.843956 279901 
395910 328 450 0.728889 229700 
373106 390 445 0.876404 253043 
1045171 425 457 0.929978 278497 
821535 164 440 0.372727 360533 
872473 199 434 0.458525 96691 
93549 423 449 0.942094 250026 
654240 228 427 0.533958 154949 
982894 409 459 0.891068 668455 
285297 325 423 0.768322 138066 
1234525 443 492 0.900407 695934 
926882 277 405 0.683951 156428 
1272349 312 418 0.746411 180771 
513328 305 414 0.736715 243874 
240916 428 458 0.934498 435805 
1153292 412 451 0.913525 306100 
324196 30 387 0.077519 13728 
1378779 351 422 0.831754 156553 
840463 283 419 0.675418 149463 
537077 343 394 0.870558 221246 
993219 63 408 0.154412 25057 
80531 362 404 0.896040 353914 
1015097 308 398 0.773869 180439 
1536005 357 428 0.834112 2342393 
106264 261 391 0.667519 122314 
1261077 212 376 0.563830 94913 
14729 210 389 0.539846 69345 
1307338 305 404 0.754950 200694 
676634 332 424 0.783019 233023 
805373 332 383 0.866841 174737 
1493079 355 380 0.934211 199831 
1309599 396 450 0.880000 188255 
354153 359 391 0.918159 188858 
605713 245 368 0.665761 84647 
113059 215 364 0.590659 220856 
1220690 283 365 0.775342 115385 
301694 378 418 0.904306 348644 
228306 335 365 0.917808 109534 
403773 135 405 0.333333 2866241 
745329 495 600 0.825000 327794 
1448638 322 383 0.840731 332267 
877179 0 384 0.000000 19584 
768369 338 372 0.908602 1136760 
93883 88 355 0.247887 38445 
526052 338 376 0.898936 229294 
662777 390 416 0.937500 479457 
744216 246 348 0.706897 403688 
273364 260 355 0.732394 77103 
220844 288 338 0.852071 266005 
246830 321 376 0.853723 195909 
367506 189 350 0.540000 89204 
42786 27 341 0.079179 18008 
588858 337 400 0.842500 250729 
1234684 233 335 0.695522 145004 
217502 264 354 0.745763 172407 
284195 285 327 0.871560 141625 
89014 323 352 0.917614 190796 
70530 268 333 0.804805 306529 
1598 135 339 0.398230 79849 
684201 278 341 0.815249 173360 
42133 259 320 0.809375 170798 
389377 306 338 0.905325 148628 
159275 211 331 0.637462 130846 
1153301 286 324 0.882716 128004 
711859 265 323 0.820433 193015 
391503 177 365 0.484932 107284 
197353 247 330 0.748485 133179 
1277810 210 327 0.642202 77226 
391463 250 334 0.748503 203076 
535198 255 313 0.814696 96177 
711885 278 317 0.876972 84377 
782978 231 309 0.747573 116157 
246498 285 327 0.871560 283639 
331730 253 339 0.746313 1826316 
148482 189 318 0.594340 72610 
336073 268 306 0.875817 111611 
183545 217 316 0.686709 198679 
1132766 258 301 0.857143 849877 
592360 99 323 0.306502 23063 
766926 248 325 0.763077 200169 
25148 0 339 0.000000 15255 
1181474 270 324 0.833333 127359 
1275518 271 315 0.860317 122098 
544797 286 330 0.866667 177358 
849992 255 302 0.844371 174898 
277640 257 314 0.818471 193254 
124761 171 304 0.562500 96389 
159840 289 317 0.911672 133690 
371405 48 307 0.156352 16490 
1395680 229 306 0.748366 127337 
1501095 204 308 0.662338 109806 
683055 260 316 0.822785 172163 
104190 277 312 0.887821 81449 
669662 63 295 0.213559 38978 
111573 197 340 0.579412 144160 
773951 0 306 0.000000 0 
620319 133 308 0.431818 53512 
173035 259 312 0.830128 147674 
83359 221 328 0.673780 105360 
429898 289 321 0.900312 166430 
945939 303 353 0.858357 211784 
14323 126 300 0.420000 139962 
1018396 268 306 0.875817 532656 
353256 257 304 0.845395 181128 
47006 156 306 0.509804 158013 
1110772 147 303 0.485149 135345 
419310 258 307 0.840391 205019 
240193 269 296 0.908784 96784 
